1730054774.6504641
1730054781.1055393
1730054782.114114
1730054782.9210069
1730054783.7278624
1730054784.7365241
1730054785.543375
1730054786.3502502
1730054787.1571476
1730054787.9640341
1730054788.770885
1730054789.5777831
1730054790.3846154
1730054791.1914926
1730054791.7966871
1730054792.4018459
1730054793.2087579
1730054794.4190388
1730054795.8310714
1730054812.5738249
1730054815.5996246
1730054816.4065421
1730054817.4151242
1730054818.2219784
1730054819.0288763
1730054819.835752
1730054820.6426525
1730054821.4495311
1730054822.256422
1730054823.0632989
1730054823.8701127
1730054824.6770101
1730054825.4838963
1730054826.2908051
1730054826.8964043
1730054827.5011072
1730054828.1062562
1730054828.9131227
1730054829.7200046
1730054830.5268989
1730054831.3337796
1730054832.1406789
1730054832.9475374
1730054833.7544017
1730054834.561327
1730054835.3682008
1730054836.1750488
1730054836.9829588
1730054837.7888088
1730054838.5957119
1730054839.4025562
1730054840.2094784
1730054841.0162995
1730054841.4198246
1730054842.4283991
1730054843.4369912
1730054844.2438552
1730054844.849174
1730054845.4541612
1730054846.0593233
1730054846.8662419
1730054847.673173
1730054848.2782178
1730054848.8834331
1730054849.4885702
1730054850.0937102
1730054850.6988912
1730054851.5057864
1730054852.3126235
1730054852.9177814
1730054853.5230989
1730054854.3298316
1730054855.1367645
1730054855.9436045
1730054856.5487533
1730054857.1539493
1730054857.7591014
1730054858.565953
1730054859.3728096
1730054860.1797056
1730054860.9866321
1730054861.7934885
1730054862.6003571
1730054863.2055006
1730054863.81071
1730054864.6175675
1730054865.4244404
1730054866.2313466
1730054867.0381875
1730054867.8451118
1730054868.6519389
1730054869.4588675
1730054870.265698
1730054871.0726242
1730054871.8794627
1730054872.6863689
1730054873.4932337
1730054874.300097
1730054875.1070681
1730054875.9138768
1730054876.5190206
1730054877.3259425
1730054878.1328187
1730054878.737946
1730054879.3431411
1730054879.948278
1730054880.7551262
1730054881.3603194
1730054882.1672192
1730054882.9740634
1730054883.7809741
1730054884.5878425
1730054885.1930108
1730054885.9998624
1730054887.0084505
1730054887.4119368
1730054888.2187924
1730054889.0258117
1730054889.8325503
1730054890.6394281
1730054891.4463296
1730054892.4549212
1730054893.2617764
1730054894.0686812
1730054894.875566
1730054895.6824584
1730054896.4893248
1730054897.2961767
1730054898.1030467
1730054898.9099474
1730054899.7168407
1730054900.5236964
1730054901.5323071
1730054902.5408924
1730054903.3477769
1730054904.3564014
1730054905.1632757
1730054906.1718593
1730054907.1804831
1730054908.1890402
1730054909.6010683
1730054911.0131288
1730054912.4251914
1730054913.6355176
1730054914.4423482
1730054915.2492495
1730054916.0561275
1730054916.6612935
1730054917.4681821
1730054918.2750115
1730054919.0819092
1730054920.0904942
1730054920.6956844
1730054921.3008366
1730054922.1077449
1730054922.9145901
1730054923.5197473
1730054923.9231987
1730054924.730082
1730054925.1335135
1730054925.5369425
1730054926.3438451
1730054927.3524227
1730054928.3610454
1730054929.5714185
1730054930.3782568
1730054931.1850843
1730054932.7988651
1730054935.0177655
1730054935.8246992
1730054936.2281284
1730054936.6315827
1730054937.0349803
1730054937.4384232
1730054937.841857
1730054938.2453258
1730054939.2539132
1730054939.4556453
1730054939.6573439
1730054939.8590536
1730054940.2625058
1730054940.6659727
1730054941.271091
1730054941.6745548
1730054942.4813967
1730054943.086585
1730054943.8934391
1730054944.7003469
1730054945.5072107
1730054946.1123796
1730054946.9192605
1730054947.5244188
1730054948.3313231
1730054949.1382101
1730054949.945045
1730054950.7519364
1730054951.5587869
1730054952.5674293
1730054953.3743286
1730054953.7777491
1730054954.1812012
1730054954.7863188
1730054955.1898093
1730054956.1983578
1730054957.0052438
1730054957.8121397
1730054958.8207433
1730054959.6278098
1730054960.6362104
1730054961.4430718
1730054962.2500026
1730054963.05687
1730054963.6620235
1730054964.2671576
1730054965.0740685
1730054965.8809478
1730054966.6877928
1730054967.2930012
1730054968.0998299
1730054968.9067001
1730054969.7136135
1730054970.7222052
1730054971.5290699
1730054972.3359592
1730054973.1428323
1730054973.9497299
1730054974.756619
1730054975.5634832
1730054976.3703713
1730054977.1772346
1730054977.9840882
1730054978.7910376
1730054979.5978508
1730054980.4047499
1730054981.2116742
1730054982.2202659
1730054983.2288609
1730054984.2374296
1730054984.6408753
1730054985.0443172
1730054985.246031
1730054985.6495037
1730054986.0528901
1730054987.0614896
1730054987.8683972
1730054988.6752887
1730054989.4821961
1730054990.0872946
1730054990.6924653
1730054991.2976673
1730054991.9027753
1730054992.5079594
1730054993.1131272
1730054993.9199953
1730054994.5251796
1730054995.1303072
1730054995.7354484
1730054996.3406396
1730054996.9458129
1730054997.5509105
1730054998.3578396
1730054999.16469
1730054999.9716191
1730055000.7784574
1730055001.5853472
1730055002.1905298
1730055002.7956581
1730055003.6025825
1730055004.2076967
1730055004.8128591
1730055005.6197424
1730055006.4266233
1730055007.2334962
1730055007.8387108
1730055008.6455188
1730055009.6541209
1730055010.4610097
1730055011.0661626
1730055011.6713381
1730055012.2765071
1730055013.0833461
1730055013.8902578
1730055014.6971772
1730055015.504003
1730055016.3109159
1730055017.1177855
1730055017.9246767
1730055018.7315049
1730055019.5383868
1730055020.3452935
1730055021.1521268
1730055021.7573636
1730055022.5642023
1730055023.3710916
1730055024.1779914
1730055024.9848218
1730055025.7917202
1730055026.3969116
1730055027.2037854
1730055028.0106573
1730055028.8175087
1730055029.8261106
1730055030.6329679
1730055031.4398477
1730055032.2467403
1730055033.0536385
1730055033.8605375
1730055034.667402
1730055035.4742703
1730055036.2811563
1730055037.0879917
1730055037.6932199
1730055038.7018595
1730055039.5086772
1730055040.315567
1730055041.3241317
1730055041.9293189
1730055042.534476
1730055043.341331
1730055044.148221
1730055044.9551096
1730055045.762001
1730055046.5688474
1730055047.1740394
1730055047.9808822
1730055048.5860629
1730055049.1912546
1730055049.796402
1730055050.4015336
1730055051.006701
1730055051.6118932
1730055052.2170138
1730055052.8221898
1730055053.4273658
1730055054.032496
1730055054.6376712
1730055055.2428117
1730055055.847949
1730055056.4531343
1730055057.0583479
1730055057.86516
1730055058.4703343
1730055059.0754814
1730055059.6806302
1730055060.2858276
1730055060.8909559
1730055061.4961505
1730055062.1012721
1730055062.7064686
1730055063.5133352
1730055064.1185217
1730055064.7236407
1730055065.3288221
1730055065.9340229
1730055066.539109
1730055067.1443024
1730055067.7494347
1730055068.3546062
1730055069.1614823
1730055069.9683628
1730055070.7752519
1730055071.5821028
1730055072.3889918
1730055073.195848
1730055074.0027728
1730055074.8096364
1730055075.6165018
1730055076.4234133
1730055077.2302547
1730055078.0371814
1730055078.8440428
1730055079.6509054
1730055080.457819
1730055081.2646546
1730055082.0715494
1730055082.8784451
1730055083.6853166
1730055084.4921904
1730055085.2990794
1730055086.1059515
1730055086.912822
1730055087.7197204
1730055088.5265884
1730055089.535188
1730055090.5437853
1730055091.5523658
1730055092.964422
1730055093.9730496
1730055094.9816203
1730055095.9902463
1730055097.2005353
1730055098.4108768
1730055099.2177644
1730055100.0246286
1730055101.033195
1730055101.8400772
1730055102.8486743
1730055103.8572674
1730055110.1105752
1730055114.145041
1730055115.5570383
1730055117.3725357
1730055118.9862628
1730055122.2137923
1730055123.4240954
1730055124.63446
1730055125.8447452
1730055127.2568002
1730055128.8705745
1730055130.0808372
1730055130.8877397
1730055131.8963361
1730055133.3083615
1730055134.5187144
1730055135.3256106
1730055136.3342004
1730055137.1410456
1730055137.9479551
1730055138.9565082
1730055139.7634177
1730055140.5702927
1730055141.1754794
1730055141.9823456
1730055142.5875082
1730055143.3943977
1730055144.2012269
1730055145.0081477
1730055145.8149767
1730055146.621892
1730055147.4287596
1730055148.2356477
1730055149.0425434
1730055149.8493893
1730055150.6563001
1730055151.4631944
1730055152.0683274
1730055152.6734953
1730055153.2786405
1730055153.8837895
1730055154.4889753
1730055155.0943315
1730055155.9009867
1730055156.707871
1730055157.5147443
1730055158.3216407
1730055159.1285253
1730055159.9354064
1730055160.7422917
1730055161.5491209
1730055162.3560462
1730055163.1629093
1730055163.9705079
1730055164.7766907
1730055165.5835893
1730055166.3913028
1730055167.1972766
1730055168.0041656
1730055168.6093667
1730055169.4161944
1730055170.0214064
1730055170.6265681
1730055171.0306067
1730055171.4334412
1730055171.8368654
1730055172.2403016
1730055172.643847
1730055173.248879
1730055173.8540597
1730055174.4592185
1730055175.2661009
1730055176.0729785
1730055176.8798535
1730055177.6867318
1730055178.4936252
1730055179.3004782
1730055180.1073861
1730055180.9142559
1730055181.7211607
1730055182.5279808
1730055183.3348932
1730055183.9400492
1730055184.5451939
1730055185.3521104
1730055186.1589921
1730055186.9658456
1730055187.7727041
1730055188.7813492
1730055189.5882025
1730055190.3950996
1730055191.2019718
1730055192.0088465
1730055193.0174239
1730055193.8243067
1730055194.6312232
1730055195.2363868
1730055196.043258
1730055196.8500915
1730055197.6570282
1730055198.4638979
1730055199.4724712
1730055200.4810939
1730055201.2879658
1730055202.0948148
1730055202.9017231
1730055203.7085805
1730055204.5155005
1730055205.3223431
1730055205.9275353
1730055206.7344179
1730055207.5412617
1730055208.3481395
1730055209.1550145
1730055210.1636057
1730055210.7687881
1730055211.5756803
1730055212.1808496
1730055212.9877071
1730055213.5928574
1730055214.3997347
1730055215.0049019
1730055215.8118093
1730055216.4169159
1730055217.4255161
1730055218.2324164
1730055218.8375716
1730055219.4427345
1730055220.0478904
1730055220.6530757
1730055221.2582517
1730055222.0651283
1730055222.8719835
1730055223.6788437
1730055224.2840085
1730055225.0909061
1730055225.6962318
1730055226.5029693
1730055227.3097758
1730055228.1166782
1730055228.9235759
1730055229.7304492
1730055230.5373418
1730055231.3442359
1730055232.1510651
1730055232.957957
1730055233.7648325
1730055234.5717103
1730055235.3786294
1730055236.3872828
1730055237.3957958
1730055238.606132
1730055239.8164415
1730055240.825017
1730055242.0353332
1730055243.0439754
1730055244.0525365
1730055244.4559979
1730055244.8594525
1730055245.4645867
1730055245.8680346
1730055246.2714376
1730055246.674911
1730055247.6835105
1730055248.4904168
1730055249.0955634
1730055249.7007031
1730055250.3058934
1730055251.112757
1730055251.9196091
1730055252.7264879
1730055253.5334001
1730055254.3402641
1730055255.1471345
1730055255.9540253
1730055256.7609468
1730055257.3660672
1730055257.9712276
1730055258.5764089
1730055259.1815474
1730055259.9884374
1730055260.7953029
1730055261.60217
1730055262.4090199
1730055263.21594
1730055264.0227969
1730055264.8297167
1730055265.6365643
1730055266.4434638
1730055267.2503095
1730055268.0571988
1730055268.8640881
1730055269.6709809
1730055270.4778411
1730055271.2847157
1730055271.8898854
1730055272.6967711
1730055273.3019571
1730055274.1087997
1730055274.9156704
1730055275.7225919
1730055276.731154
1730055277.5380201
1730055278.344928
1730055279.1517849
1730055279.9586725
1730055280.5638881
1730055281.1689866
1730055281.9758978
1730055282.7827168
1730055283.5896449
1730055284.3965383
1730055285.0016651
1730055285.808547
1730055286.6154225
1730055287.624047
1730055288.4309185
1730055289.2377844
1730055290.0446601
1730055291.0532784
1730055291.8601823
1730055292.667047
1730055293.4739165
1730055294.4824815
1730055295.2893407
1730055296.0962603
1730055296.9031074
1730055297.7100058
1730055298.5169218
1730055299.3237853
1730055300.1306624
1730055301.1393192
1730055301.946126
1730055302.7530046
1730055303.5598772
1730055304.3668027
1730055305.1736526
1730055305.9810617
1730055306.7874155
1730055307.594305
1730055308.4011757
1730055309.2080355
1730055310.0149138
1730055310.8218217
1730055311.6304698
1730055312.4355788
1730055313.2424645
1730055314.0500126
1730055314.8561785
1730055315.6630912
1730055316.4699466
1730055317.276854
1730055318.0836968
1730055318.8906217
1730055319.6974502
1730055320.504313
1730055321.3112488
1730055322.1181147
1730055323.1267157
1730055323.7318618
1730055324.5387669
1730055325.5473375
1730055326.5559745
1730055327.5645428
1730055328.1696825
1730055328.9765611
1730055329.783469
1730055330.5903587
1730055331.3972132
1730055332.4058132
1730055333.4144359
1730055334.2212603
1730055335.0282688
1730055335.8350668
1730055336.8436294
1730055337.6505527
1730055338.4574704
1730055339.2643032
1730055339.8694787
1730055340.6763349
1730055341.281666
1730055341.8866899
1730055342.6934924
1730055343.5003963
1730055344.3072767
1730055345.1141784
1730055345.9210286
1730055346.7279339
1730055347.5348272
1730055348.3416703
1730055349.1485572
1730055350.1571436
1730055351.1657498
1730055352.1743209
1730055353.1829429
1730055354.1915665
1730055354.9984694
1730055355.8052907
1730055356.6122246
1730055357.4190831
1730055358.225939
1730055359.0328302
1730055359.8397036
1730055360.6465969
1730055361.4534647
1730055362.2603369
1730055362.8655143
1730055363.6724072
1730055364.4792681
1730055365.2861209
1730055366.2947912
1730055367.101584
1730055367.9085631
1730055368.715363
1730055369.7239871
1730055370.7325726
1730055371.5394683
1730055372.3463373
1730055373.153264
1730055373.960072
1730055374.7669966
1730055375.5738747
1730055376.3807402
1730055377.1876121
1730055377.9945068
1730055378.8013802
1730055379.6082377
1730055380.213398
1730055380.8185396
1730055381.423748
1730055382.0288835
1730055382.634068
1730055383.2392206
1730055383.8443811
1730055384.4494982
1730055385.2564087
1730055386.0632691
1730055386.8701525
1730055387.6770549
1730055388.6856179
1730055389.8966026
1730055390.9045725
1730055391.9131658
1730055392.7200382
1730055393.5269518
1730055394.3337555
1730055395.1406803
1730055395.9475591
1730055396.9561253
1730055397.7630186
1730055398.7716217
1730055399.5785301
1730055400.3853965
1730055401.1922874
1730055401.9991527
1730055402.8060322
1730055403.6129019
1730055404.4216888
1730055405.2266669
1730055406.0335426
1730055406.8403935
1730055407.8490071
1730055408.6558926
1730055409.2610352
1730055409.8662276
1730055410.6730969
1730055411.4799459
1730055412.0851059
1730055412.8920395
1730055413.6988559
1730055414.5057411
1730055415.3126645
1730055416.1195097
1730055417.1281161
1730055417.9349947
1730055418.7419095
1730055419.5487852
1730055420.5573671
1730055421.3642144
1730055422.1711168
1730055422.9779797
1730055423.7848794
1730055424.5917459
1730055425.6003423
1730055426.4072313
1730055427.2141149
1730055428.021009
1730055428.827878
1730055429.2313066
1730055429.634779
1730055430.0381761
1730055430.8450904
1730055431.6519358
1730055432.2571256
1730055433.0640082
1730055433.8708539
1730055434.6777637
1730055435.4846025
1730055436.291522
1730055437.0983663
1730055437.703527
1730055438.3086958
1730055439.1155949
1730055439.7207372
1730055440.5276065
1730055441.3345251
1730055442.3431072
1730055443.3516998
1730055444.1585999
1730055445.1671629
1730055446.1757684
1730055446.7809305
1730055447.7895226
1730055448.5964084
1730055449.2015843
1730055450.0084569
1730055450.8153346
1730055451.6222262
1730055452.4291129
1730055453.0342693
1730055453.8410988
1730055454.6479967
1730055455.4548702
1730055456.2617602
1730055457.0686207
1730055457.8755255
1730055458.6824081
1730055459.6909895
1730055460.6996131
1730055461.7081909
1730055462.5150619
1730055463.523695
1730055464.5322499
1730055465.5410032
1730055466.1459851
1730055466.9528818
1730055467.7597816
1730055468.5666623
1730055469.3735781
1730055470.1803985
1730055470.9872918
1730055471.7941749
1730055472.6010244
1730055473.4079309
1730055474.4165225
1730055475.2233796
1730055475.8285925
1730055476.2320395
1730055476.6354637
1730055477.0388956
1730055477.8457737
1730055478.6526451
1730055479.4595304
1730055480.0647159
1730055480.8715556
1730055481.4767308
1730055482.2836242
1730055483.090512
1730055483.8973403
1730055484.7042685
1730055485.5111446
1730055486.1162715
1730055486.721437
1730055487.3265939
1730055488.133492
1730055488.9403639
1730055489.7472467
1730055490.5541105
1730055491.3610139
1730055492.1678703
1730055492.9747903
1730055493.9833348
1730055494.7902496
1730055495.5971408
1730055496.4039674
1730055497.210875
1730055498.0177598
1730055498.8245916
1730055499.8332481
1730055500.841794
1730055501.8504498
1730055502.8590426
1730055504.0693481
1730055505.2796721
1730055506.4899721
1730055507.4985681
1730055508.7088575
1730055509.7175133
1730055510.5243974
1730055511.5329809
1730055512.5415843
1730055513.3484845
1730055514.3570857
1730055515.7691116
1730055516.7777009
1730055517.1811309
1730055522.0223742
1730055522.627573
1730055524.4430201
1730055525.4516249
1730055526.460253
1730055527.065423
1730055528.0739882
1730055529.0825891
1730055529.8894649
1730055530.6963091
1730055531.503222
1730055532.511817
1730055533.3187394
1730055533.9238825
1730055534.7307551
1730055535.3359222
1730055536.1427774
1730055536.9496565
1730055537.7565427
1730055538.3617287
1730055538.7651639
1730055539.5720272
1730055540.1771922
1730055540.9840462
1730055541.9926686
1730055542.7995455
1730055543.6064241
1730055544.4133058
1730055545.2201514
1730055546.228749
1730055546.8339605
1730055547.8425381
1730055548.8511252
1730055549.6580157
1730055550.6666205
1730055551.4734821
1730055552.2803526
1730055553.288995
1730055554.2975483
1730055555.1044464
1730055555.9113364
1730055556.7182398
1730055557.5251107
1730055558.3319716
1730055559.1388516
1730055560.1474514
1730055561.1560435
1730055562.1646278
1730055563.1732488
1730055563.9800885
1730055564.5852876
1730055566.6024871
1730055567.0058799
1730055567.6110883
1730055568.4179673
1730055569.2248468
1730055569.8299916
1730055570.8385925
1730055571.645453
1730055572.4523399
1730055573.4609363
1730055574.2677934
1730055575.074657
1730055575.4781101
1730055576.0833042
1730055576.8901801
1730055577.6970086
1730055578.5039155
1730055579.3108234
1730055580.1176982
1730055580.9245648
1730055581.7314763
1730055582.5383067
1730055583.3452063
1730055584.1521015
1730055585.1606627
1730055586.1692715
1730055587.1779704
1730055588.1864705
1730055589.1951103
1730055590.4053764
1730055591.2122793
1730055592.0191352
1730055593.027801
1730055594.0363338
1730055594.8432136
1730055595.6501253
1730055596.6587636
1730055597.062161
1730055597.4656184
1730055598.8776021
1730055599.2810879
1730055599.4827719
1730055599.8862143
1730055600.6930737
1730055601.0965118
1730055602.105154
1730055602.91204
1730055603.7189083
1730055604.7274764
1730055605.7360921
1730055606.744725
1730055607.349823
1730055608.3584671
1730055609.3670731
1730055610.7790747
1730055611.7877173
1730055612.7962952
1730055614.2083149
1730055615.2169371
1730055616.0238295
1730055617.0324035
1730055618.0409653
1730055619.2513113
1730055619.8564672
1730055620.4616489
1730055621.2685485
1730055622.0754318
1730055622.8822484
1730055623.4874077
1730055624.2943208
1730055624.8994377
1730055625.3029523
1730055625.9080582
1730055626.5132072
1730055627.320118
1730055627.925241
1730055628.7321763
1730055629.5390391
1730055630.3459163
1730055631.1527476
1730055631.9596658
1730055632.7665236
1730055633.5742717
1730055634.3802905
1730055635.1871698
1730055635.9940529
1730055637.0026536
1730055637.809531
1730055638.6164031
1730055639.2215967
1730055639.826746
1730055640.6336
1730055641.4404533
1730055642.0456553
1730055642.8525281
1730055643.6593943
1730055644.466279
1730055645.2731986
1730055646.0800323
1730055646.8869205
1730055647.492095
1730055648.2989502
1730055649.1058316
1730055649.9127097
1730055650.7195935
1730055651.7281744
1730055652.7368097
1730055653.543663
1730055654.5522556
1730055655.1574121
1730055655.5608807
1730055655.7625942
1730055656.1660237
1730055657.1746297
1730055657.5780399
1730055657.7798035
1730055657.9815145
1730055658.3849401
1730055659.1917892
1730055659.9987159
1730055660.4021416
1730055660.8055568
1730055661.6124532
1730055662.4193606
1730055663.2262106
1730055664.0331373
1730055664.8399711
1730055665.4451513
1730055666.2520163
1730055667.2605996
1730055668.2691941
1730055669.0761192
1730055669.6812472
1730055670.4881582
1730055671.496726
1730055672.5053396
1730055673.513916
1730055674.3208065
1730055675.1277223
1730055676.136312
1730055677.1448827
1730055678.1536987
1730055679.1620502
1730055680.1706591
1730055680.9775524
1730055682.1878662
1730055682.9947808
1730055684.0033958
1730055684.8102591
1730055685.6171181
1730055686.4240136
1730055687.2308559
1730055688.037744
1730055688.8446312
1730055689.6515315
1730055690.4583993
1730055691.4670143
1730055692.4756203
1730055693.2824764
1730055694.089335
1730055694.8962474
1730055695.7030792
1730055696.5100539
1730055697.3168874
1730055698.1237266
1730055698.9306352
1730055699.7375207
1730055700.5443707
1730055701.3512418
1730055702.158112
1730055702.9650226
1730055703.7718928
1730055704.578795
1730055705.3856397
1730055706.1925502
1730055707.2011189
1730055708.2097142
1730055709.218328
1730055710.2269049
1730055711.2355556
1730055712.0424018
1730055712.8492613
1730055713.8578527
1730055714.664784
1730055715.4716396
1730055716.4802051
1730055717.4888542
1730055718.4974422
1730055719.304327
1730055720.3129985
1730055721.3215027
1730055722.1283884
1730055722.9352617
1730055723.7421629
1730055724.5489907
1730055725.3559098
1730055726.1627848
1730055726.9696763
1730055727.7765536
1730055728.7851458
1730055729.5920303
1730055730.39888
1730055731.2057791
1730055732.0126243
1730055733.0212293
1730055734.0298777
1730055734.8367212
1730055735.8453543
1730055736.8539228
1730055737.6608005
1730055738.6693985
1730055739.6780272
1730055740.686583
1730055741.6952069
1730055742.9055429
1730055743.9157448
1730055744.519304
1730055745.5278831
1730055746.5365224
1730055747.1416626
1730055747.5451117
1730055748.3519826
1730055749.3605227
1730055750.1674328
1730055750.9743402
1730055751.9828868
1730055752.7897773
1730055753.5966852
1730055754.6052799
1730055755.4121737
1730055756.4207468
1730055757.2275851
1730055758.0345163
1730055758.8427689
1730055759.6482506
1730055760.4551497
1730055761.2620077
1730055762.2706513
1730055763.2792025
1730055764.0861094
1730055764.8930123
1730055765.6998482
1730055766.3050382
1730055766.9102006
1730055767.7170587
1730055768.5239124
1730055769.3308268
1730055769.9359913
1730055770.5411346
1730055771.1463082
1730055771.7514093
1730055772.3566351
1730055772.9617906
1730055773.5669518
1730055774.1721258
1730055774.7772441
1730055775.3823943
1730055775.9875636
1730055776.5927317
1730055777.1978838
1730055777.8030262
1730055778.4081616
1730055779.2150836
1730055780.0219741
1730055780.8288383
1730055781.6357639
1730055782.4426022
1730055783.2494686
1730055784.2588034
1730055785.266696
1730055786.4769604
1730055787.6873064
1730055788.8976364
1730055789.9062371
1730055791.1165819
1730055792.3269043
1730055793.7396803
1730055795.1509366
1730055796.7646914
1730055798.5802183
1730055799.5887823
1730055800.5973845
1730055801.605958
1730055802.6145978
1730055803.4214437
1730055804.4300642
1730055805.4386368
1730055806.4472287
1730055807.2541449
1730055808.0610378
1730055808.8678675
1730055809.6747367
1730055810.4816325
1730055811.2885089
1730055812.0954058
1730055812.9022908
1730055813.7091458
1730055814.3143077
1730055815.3229241
1730055816.5332215
1730055816.7349701
1730055816.9366884
1730055817.1384065
1730055817.5418391
1730055817.9452844
1730055818.7521396
1730055819.3573039
1730055820.1646347
1730055820.5676053
1730055821.3744717
1730055822.1814027
1730055822.7865443
1730055823.1900079
1730055823.7951322
1730055824.803767
1730055825.8123336
1730055826.8209467
1730055827.4260998
1730055828.233007
1730055829.2415426
1730055830.6536264
1730055831.4604597
1730055832.4691157
1730055833.4777207
1730055834.0828714
1730055834.4862719
1730055839.9327726
1730055841.1430321
1730055841.5464921
1730055841.9499552
1730055842.3533857
1730055842.7568264
1730055843.1602421
1730055843.5636873
1730055844.572309
1730055844.7740073
1730055844.9757135
1730055845.1774616
1730055845.3791509
1730055845.7825685
1730055846.3877654
1730055846.7919216
1730055847.7997746
1730055849.0101111
1730055850.2203956
1730055851.6324692
1730055853.246254
1730055853.6496804
1730055854.053098
1730055854.4565272
1730055854.8600125
1730055855.2635517
1730055855.6668553
1730055856.8771915
1730055857.2806363
1730055857.684072
1730055858.4909558
1730055859.2978392
1730055860.1047697
1730055860.9115953
1730055861.7184448
1730055862.5253596
1730055863.3322415
1730055864.1390786
1730055864.9459617
1730055865.7528291
1730055866.5596962
1730055867.3666015
1730055868.173502
1730055868.9803646
1730055869.7872601
1730055870.5940998
1730055871.4010258
1730055872.2078886
1730055873.0147426
1730055873.8216205
1730055874.628521
1730055875.4354072
1730055876.2422771
1730055877.0492086
1730055877.8560472
1730055878.8646114
1730055879.8732557
1730055880.8818238
1730055881.6887362
1730055882.4956031
1730055883.3025618
1730055884.1093259
1730055884.9162121
1730055885.7231035
1730055886.5299745
1730055887.336895
1730055888.1437306
1730055888.9506307
1730055889.7574828
1730055890.5644016
1730055891.371238
1730055892.178103
1730055892.9850383
1730055893.7918854
1730055894.598793
1730055895.4056692
1730055896.2125793
1730055897.2211418
1730055898.0280161
1730055898.8348784
1730055899.6417732
1730055900.0451865
1730055900.6503406
1730055901.255506
1730055901.6589901
1730055902.0624356
1730055902.4658499
1730055903.2727194
1730055903.877913
1730055904.4830642
1730055905.2899499
1730055905.8951015
1730055906.500226
1730055907.1054158
1730055907.7105718
1730055908.315732
1730055908.9210491
1730055909.7277453
1730055910.3329482
1730055910.9380646
1730055911.7449615
1730055912.5518508
1730055913.3586724
1730055914.5690727
1730055915.5776348
1730055916.5862536
1730055917.1913676
1730055917.9985018
1730055918.8051155
1730055919.6120124
1730055920.2171683
1730055921.0240755
1730055921.83095
1730055922.4361086
1730055923.2429686
1730055924.0498457
1730055925.0584488
1730055925.8653512
1730055926.4704823
1730055927.2774124
1730055928.0842252
1730055928.8911095
1730055929.8997235
1730055930.7066314
1730055931.5134671
1730055932.3203554
1730055933.1276188
1730055933.9341316
1730055934.539279
1730055935.1444211
1730055935.9513106
1730055936.7581756
1730055937.5651026
1730055938.3719659
1730055939.3805175
1730055940.3891459
1730055941.3977339
1730055942.2046199
1730055943.0115013
1730055943.618041
1730055944.4235358
1730055945.2304516
1730055946.0373116
1730055946.8441806
1730055947.6510296
1730055948.4579072
1730055949.4665747
1730055950.4751296
1730055951.2820158
1730055951.6854675
1730055952.0889249
1730055953.0974865
1730055954.1062815
1730055954.7112408
1730055955.5181262
1730055956.3250389
1730055956.9301515
1730055957.535315
1730055958.1404672
1730055958.9473507
1730055959.7542417
1730055960.3594155
1730055960.9645472
1730055961.5697026
1730055962.3766332
1730055963.3852165
1730055963.9903731
1730055964.9989731
1730055965.8058298
1730055966.6127052
1730055967.6213081
1730055968.6299422
1730055969.0333304
1730055969.4368148
1730055970.6470876
1730055971.0505323
1730055972.0591147
1730055972.8660283
1730055973.6728735
1730055974.479816
1730055975.2866626
1730055976.093544
1730055976.9004269
1730055977.7073412
1730055978.7159038
1730055979.5228105
1730055980.3299646
1730055981.3382878
1730055982.3468404
1730055983.1537316
1730055983.9605947
1730055984.767488
1730055985.5743523
1730055986.3812404
1730055987.1881135
1730055988.1967249
1730055989.2063055
1730055990.0122237
1730055991.0208418
1730055991.8276789
1730055992.6345606
1730055993.6431851
1730055994.6517231
1730055995.6603439
1730055996.6689837
1730055997.6775424
1730055998.4844022
1730055999.2913492
1730056000.2998934
1730056001.3085418
1730056002.1153862
1730056003.1240296
1730056003.7291458
1730056004.3343256
1730056004.9394784
1730056006.1498091
1730056006.9568734
1730056008.3686991
1730056009.7807336
1730056010.7893682
1730056012.2013898
1730056013.2102532
1730056014.4202809
1730056015.4288995
1730056016.639205
1730056017.4460855
1730056018.4546671
1730056019.4632864
1730056020.0684872
1730056020.4718852
1730056020.6735973
1730056020.8753581
1730056021.0770288
1730056021.4804697
1730056022.0856524
1730056022.48911
1730056022.8925447
1730056023.4976764
1730056023.9011354
1730056024.5062485
1730056025.3131528
1730056026.3217783
1730056027.5321052
1730056028.3389788
1730056029.1458631
1730056030.1544647
1730056030.9613404
1730056031.7681985
1730056032.575098
1730056033.3819585
1730056034.592298
1730056035.8026967
1730056036.206039
1730056036.6094818
1730056037.0128798
1730056037.4163795
1730056037.8198104
1730056038.6267016
1730056039.4335685
1730056040.2403851
1730056041.0472939
1730056041.8541937
1730056042.8627439
1730056043.8713803
1730056044.8799686
1730056045.6868777
1730056046.6954713
1730056047.5023432
1730056048.3092277
1730056049.1160955
1730056049.9229839
1730056050.7300162
1730056051.5367234
1730056052.1418939
1730056052.7470417
1730056053.553915
1730056054.3608108
1730056055.1677074
1730056055.9745646
1730056056.7814536
1730056057.5883374
1730056058.3951824
1730056059.2020998
1730056060.0089517
1730056060.8157945
1730056061.4209595
1730056062.0261335
1730056062.8330212
1730056063.4381847
1730056064.0433569
1730056064.6485205
1730056065.4554019
1730056066.2622566
1730056067.0691748
1730056068.0777459
1730056068.8846049
1730056069.6915126
1730056070.4984059
1730056071.5069659
1730056072.3138547
1730056073.120734
1730056073.927624
1730056074.7345245
1730056075.5413706
1730056076.3482854
1730056077.1551664
1730056077.9620337
1730056078.7689109
1730056079.5757701
1730056080.3826356
1730056081.1895452
1730056081.9963994
1730056082.6015782
1730056083.4084463
1730056084.2153225
1730056084.8204618
1730056085.627336
1730056086.4342532
1730056087.241148
1730056088.047986
1730056088.8549023
1730056089.6617799
1730056090.46861
1730056091.2755141
1730056091.880661
1730056092.4858122
1730056093.0909929
1730056093.8978827
1730056094.7047453
1730056095.5116596
1730056096.3184981
1730056097.3270843
1730056098.1339865
1730056098.9408879
1730056099.7477219
1730056100.7563531
1730056101.5632277
1730056102.3700972
1730056103.1769714
1730056103.9838495
1730056104.5890324
1730056105.1941352
1730056105.5976276
1730056106.2028017
1730056107.0096574
1730056107.8165565
1730056108.6234179
1730056109.4308457
1730056110.0354791
1730056110.8423483
1730056111.6491895
1730056112.4561098
1730056113.2629709
1730056114.0698855
1730056114.8767118
1730056115.4818597
1730056116.0870399
1730056116.6922293
1730056117.4990418
1730056118.3059852
1730056119.3145809
1730056120.3231852
1730056121.1300383
1730056121.9369216
1730056122.743762
1730056123.5507033
1730056124.3575511
1730056125.1644282
1730056125.9712937
1730056126.7781711
1730056127.5850849
1730056128.3919239
1730056129.1988058
1730056130.0057149
1730056130.8126087
1730056131.4177361
1730056132.2246189
1730056133.0314937
1730056133.8383794
1730056134.6452825
1730056135.4521272
1730056136.2589912
1730056137.0658536
1730056138.0744972
1730056138.4779205
1730056138.8813434
1730056139.688266
1730056140.0916777
1730056140.696835
1730056141.5037279
1730056142.3106136
1730056143.1174603
1730056154.0103388
1730056156.0275459
1730056157.238625
1730056158.2464437
1730056159.2550528
1730056160.0619054
1730056160.868856
1730056161.6756902
1730056162.6842785
1730056163.4911652
1730056163.8946152
1730056164.2980871
1730056164.7014728
1730056165.5083985
1730056166.113512
1730056166.9203944
1730056167.3238721
1730056167.7273047
1730056168.3324432
1730056168.9375868
1730056169.5427783
1730056170.1479921
1730056170.7530947
1730056171.3582754
1730056171.9634333
1730056172.7703104
1730056173.5771732
1730056174.3840206
1730056175.1909142
1730056175.9978166
1730056176.8046715
1730056177.6115193
1730056178.4184299
1730056179.2253265
1730056180.0322165
1730056181.0407751
1730056181.8476768
1730056182.6545753
1730056183.6631427
1730056184.4700232
1730056185.4785895
1730056186.2855
1730056187.0924244
1730056187.495831
1730056187.8992493
1730056188.3026645
1730056189.1095881
1730056189.7147453
1730056190.5216331
1730056191.1267686
1730056191.9336414
1730056192.7405193
1730056193.5473948
1730056194.152586
1730056195.161181
1730056195.9680598
1730056196.3714542
1730056197.3800998
1730056198.1869893
1730056198.9938536
1730056199.800709
1730056200.4058936
1730056201.0110202
1730056201.6162095
1730056202.2213359
1730056203.0282226
1730056204.2385948
1730056205.0454578
1730056205.4488864
1730056206.4575081
1730056207.062614
1730056207.8695107
1730056208.8781281
1730056209.2822568
1730056209.6849535
1730056210.6936216
1730056211.7021673
1730056212.5090835
1730056213.5176921
1730056214.5262804
1730056215.3331299
1730056216.1400015
1730056216.9468629
1730056217.7537689
1730056218.5606575
1730056219.3675432
1730056220.1744127
1730056220.9812863
1730056221.7881889
1730056222.5950437
1730056223.6036334
1730056246.3979747
1730056246.8013952
1730056247.608278
1730056249.8272419
1730056253.0547571
1730056256.0811834
1730056306.1070518
1730056306.5104549
1730056306.712184
1730056306.9138794
1730056307.1156721
1730056307.3173349
1730056307.5190387
1730056307.7207999
1730056307.9225049
1730056308.1242399
1730056308.3259163
1730056309.3344994
1730056309.939666
1730056310.5448184
1730056311.1499953
1730056311.7551892
1730056312.3603551
1730056312.9654856
1730056313.5706582
1730056314.1757932
1730056314.7809899
1730056315.5878372
1730056315.9912579
1730056316.1930227
1730056367.4297943
1730056367.6315274
1730056367.8332002
1730056368.0349655
1730056368.2366655
1730056368.4384041
1730056368.6400917
1730056368.8418281
1730056369.043529
1730056369.2452426
1730056369.4469962
1730056369.6487167
1730056369.8511796
1730056370.0525985
